culmen_length_mmculmen_depth_mmflipper_length_mmbody_mass_gsex
              39.1          18.7              181      3750MALE
              39.5          17.4              186      3800FEMALE
              40.3            18              195      3250FEMALE
NA                NA             NA               NA       NA
              36.7          19.3              193      3450FEMALE
              39.3          20.6              190      3650MALE
              38.9          17.8              181      3625FEMALE
              39.2          19.6              195      4675MALE
              34.1          18.1              193      3475NA
               42           20.2             5000      4250MALE
              37.8          17.1              186      3300NA
              37.8          17.3              180      3700NA
              41.1          17.6              182      3200FEMALE
              38.6          21.2              191      3800MALE
              34.6          21.1             -132      4400MALE
              36.6          17.8              185      3700FEMALE
              38.7            19              195      3450FEMALE
              42.5          20.7              197      4500MALE
              34.4          18.4              184      3325FEMALE
               46           21.5              194      4200MALE
              37.8          18.3              174      3400FEMALE
              37.7          18.7              180      3600MALE
              35.9          19.2              189      3800FEMALE
              38.2          18.1              185      3950MALE
              38.8          17.2              180      3800MALE
              35.3          18.9              187      3800FEMALE
              40.6          18.6              183      3550MALE
              40.5          17.9              187      3200FEMALE
              37.9          18.6              172      3150FEMALE
              40.5          18.9              180      3950MALE
              39.5          16.7              178      3250FEMALE
              37.2          18.1              178      3900MALE
              39.5          17.8              188      3300FEMALE
              40.9          18.9              184      3900MALE
              36.4            17              195      3325FEMALE
              39.2          21.1              196      4150MALE
              38.8            20              190      3950MALE
              42.2          18.5              180      3550FEMALE
              37.6          19.3              181      3300FEMALE
              39.8          19.1              184      4650MALE
              36.5            18              182      3150FEMALE
              40.8          18.4              195      3900MALE
               36           18.5              186      3100FEMALE
              44.1          19.7              196      4400MALE
               37           16.9              185      3000FEMALE
              39.6          18.8              190      4600MALE
              41.1            19              182      3425MALE
              37.5          18.9              179      2975NA
               36           17.9              190      3450FEMALE
              42.3          21.2              191      4150MALE
              39.6          17.7              186      3500FEMALE
              40.1          18.9              188      4300MALE
               35           17.9              190      3450FEMALE
               42           19.5              200      4050MALE
              34.5          18.1              187      2900FEMALE
              41.4          18.6              191      3700MALE
               39           17.5              186      3550FEMALE
              40.6          18.8              193      3800MALE
              36.5          16.6              181      2850FEMALE
              37.6          19.1              194      3750MALE
              35.7          16.9              185      3150FEMALE
              41.3          21.1              195      4400MALE
              37.6            17              185      3600FEMALE
              41.1          18.2              192      4050MALE
              36.4          17.1              184      2850FEMALE
              41.6            18              192      3950MALE
              35.5          16.2              195      3350FEMALE
              41.1          19.1              188      4100MALE
              35.9          16.6              190      3050FEMALE
41.8   19.4   198   4450MALE
33.5    19    190   3600FEMALE
39.7   18.4   190   3900MALE
39.6   17.2   196   3550FEMALE
45.8   18.9   197   4150MALE
35.5   17.5   190   3700FEMALE
42.8   18.5   195   4250MALE
40.9   16.8   191   3700FEMALE
37.2   19.4   184   3900MALE
36.2   16.1   187   3550FEMALE
42.1   19.1   195   4000MALE
34.6   17.2   189   3200FEMALE
42.9   17.6   196   4700MALE
36.7   18.8   187   3800FEMALE
35.1   19.4   193   4200MALE
37.3   17.8   191   3350FEMALE
41.3   20.3   194   3550MALE
36.3   19.5   190   3800MALE
36.9   18.6   189   3500FEMALE
38.3   19.2   189   3950MALE
38.9   18.8   190   3600FEMALE
35.7    18    202   3550FEMALE
41.1   18.1   205   4300MALE
 34    17.1   185   3400FEMALE
39.6   18.1   186   4450MALE
36.2   17.3   187   3300FEMALE
40.8   18.9   208   4300MALE
38.1   18.6   190   3700FEMALE
40.3   18.5   196   4350MALE
33.1   16.1   178   2900FEMALE
43.2   18.5   192   4100MALE
 35    17.9   192   3725FEMALE
 41     20    203   4725MALE
37.7    16    183   3075FEMALE
37.8    20    190   4250MALE
37.9   18.6   193   2925FEMALE
39.7   18.9   184   3550MALE
38.6   17.2   199   3750FEMALE
38.2    20    190   3900MALE
38.1    17    181   3175FEMALE
43.2    19    197   4775MALE
38.1   16.5   198   3825FEMALE
45.6   20.3   191   4600MALE
39.7   17.7   193   3200FEMALE
42.2   19.5   197   4275MALE
39.6   20.7   191   3900FEMALE
42.7   18.3   196   4075MALE
38.6    17    188   2900FEMALE
37.3   20.5   199   3775MALE
35.7    17    189   3350FEMALE
41.1   18.6   189   3325MALE
36.2   17.2   187   3150FEMALE
37.7   19.8   198   3500MALE
40.2    17    176   3450FEMALE
41.4   18.5   202   3875MALE
35.2   15.9   186   3050FEMALE
40.6    19    199   4000MALE
38.8   17.6   191   3275FEMALE
41.5   18.3   195   4300MALE
 39    17.1   191   3050FEMALE
44.1    18    210   4000MALE
38.5   17.9   190   3325FEMALE
43.1   19.2   197   3500MALE
36.8   18.5   193   3500FEMALE
37.5   18.5   199   4475MALE
38.1   17.6   187   3425FEMALE
41.1   17.5   190   3900MALE
35.6   17.5   191   3175FEMALE
40.2   20.1   200   3975MALE
 37    16.5   185   3400FEMALE
39.7   17.9   193   4250MALE
40.2   17.1   193   3400FEMALE
40.6   17.2   187   3475MALE
32.1   15.5   188   3050FEMALE
40.7    17    190   3725MALE
37.3   16.8   192   3000FEMALE
 39    18.7   185   3650MALE
39.2   18.6   190   4250MALE
36.6   18.4   184   3475FEMALE
 36    17.8   195   3450FEMALE
37.8   18.1   193   3750MALE
 36    17.1   187   3700FEMALE
41.5   18.5   201   4000MALE
46.5   17.9   192   3500FEMALE
 50    19.5   196   3900MALE
51.3   19.2   193   3650MALE
45.4   18.7   188   3525FEMALE
52.7   19.8   197   3725MALE
45.2   17.8   198   3950FEMALE
46.1   18.2   178   3250FEMALE
51.3   18.2   197   3750MALE
 46    18.9   195   4150FEMALE
51.3   19.9   198   3700MALE
46.6   17.8   193   3800FEMALE
51.7   20.3   194   3775MALE
 47    17.3   185   3700FEMALE
 52    18.1   201   4050MALE
45.9   17.1   190   3575FEMALE
50.5   19.6   201   4050MALE
50.3    20    197   3300MALE
 58    17.8   181   3700FEMALE
46.4   18.6   190   3450FEMALE
49.2   18.2   195   4400MALE
42.4   17.3   181   3600FEMALE
48.5   17.5   191   3400MALE
43.2   16.6   187   2900FEMALE
50.6   19.4   193   3800MALE
46.7   17.9   195   3300FEMALE
 52     19    197   4150MALE
50.5   18.4   200   3400FEMALE
49.5    19    200   3800MALE
46.4   17.8   191   3700FEMALE
52.8    20    205   4550MALE
40.9   16.6   187   3200FEMALE
54.2   20.8   201   4300MALE
42.5   16.7   187   3350FEMALE
 51    18.8   203   4100MALE
49.7   18.6   195   3600MALE
47.5   16.8   199   3900FEMALE
47.6   18.3   195   3850FEMALE
 52    20.7   210   4800MALE
46.9   16.6   192   2700FEMALE
53.5   19.9   205   4500MALE
 49    19.5   210   3950MALE
46.2   17.5   187   3650FEMALE
50.9   19.1   196   3550MALE
45.5    17    196   3500FEMALE
50.9   17.9   196   3675FEMALE
50.8   18.5   201   4450MALE
50.1   17.9   190   3400FEMALE
 49    19.6   212   4300MALE
51.5   18.7   187   3250MALE
49.8   17.3   198   3675FEMALE
48.1   16.4   199   3325FEMALE
51.4    19    201   3950MALE
45.7   17.3   193   3600FEMALE
50.7   19.7   203   4050MALE
42.5   17.3   187   3350FEMALE
52.2   18.8   197   3450MALE
45.2   16.6   191   3250FEMALE
49.3   19.9   203   4050MALE
50.2   18.8   202   3800MALE
45.6   19.4   194   3525FEMALE
51.9   19.5   206   3950MALE
46.8   16.5   189   3650FEMALE
45.7    17    195   3650FEMALE
55.8   19.8   207   4000MALE
43.5   18.1   202   3400FEMALE
49.6   18.2   193   3775MALE
50.8    19    210   4100MALE
50.2   18.7   198   3775FEMALE
46.1   13.2   211   4500FEMALE
 50    16.3   230   5700MALE
48.7   14.1   210   4450FEMALE
 50    15.2   218   5700MALE
47.6   14.5   215   5400MALE
46.5   13.5   210   4550FEMALE
45.4   14.6   211   4800FEMALE
46.7   15.3   219   5200MALE
43.3   13.4   209   4400FEMALE
46.8   15.4   215   5150MALE
40.9   13.7   214   4650FEMALE
 49    16.1   216   5550MALE
45.5   13.7   214   4650FEMALE
48.4   14.6   213   5850MALE
45.8   14.6   210   4200FEMALE
49.3   15.7   217   5850MALE
 42    13.5   210   4150FEMALE
49.2   15.2   221   6300MALE
46.2   14.5   209   4800FEMALE
48.7   15.1   222   5350MALE
50.2   14.3   218   5700MALE
45.1   14.5   215   5000FEMALE
46.5   14.5   213   4400FEMALE
46.3   15.8   215   5050MALE
42.9   13.1   215   5000FEMALE
46.1   15.1   215   5100MALE
44.5   14.3   216   4100NA
47.8    15    215   5650MALE
48.2   14.3   210   4600FEMALE
 50    15.3   220   5550MALE
47.3   15.3   222   5250MALE
42.8   14.2   209   4700FEMALE
45.1   14.5   207   5050FEMALE
59.6    17    230   6050MALE
49.1   14.8   220   5150FEMALE
48.4   16.3   220   5400MALE
42.6   13.7   213   4950FEMALE
44.4   17.3   219   5250MALE
 44    13.6   208   4350FEMALE
48.7   15.7   208   5350MALE
42.7   13.7   208   3950FEMALE
49.6    16    225   5700MALE
45.3   13.7   210   4300FEMALE
49.6    15    216   4750MALE
50.5   15.9   222   5550MALE
43.6   13.9   217   4900FEMALE
45.5   13.9   210   4200FEMALE
50.5   15.9   225   5400MALE
44.9   13.3   213   5100FEMALE
45.2   15.8   215   5300MALE
46.6   14.2   210   4850FEMALE
48.5   14.1   220   5300MALE
45.1   14.4   210   4400FEMALE
50.1    15    225   5000MALE
46.5   14.4   217   4900FEMALE
 45    15.4   220   5050MALE
43.8   13.9   208   4300FEMALE
45.5    15    220   5000MALE
     43.2     14.5     208        4450FEMALE
     50.4     15.3     224        5550MALE
     45.3     13.8     208        4200FEMALE
     46.2     14.9     221        5300MALE
     45.7     13.9     214        4400FEMALE
     54.3     15.7     231        5650MALE
     45.8     14.2     219        4700FEMALE
     49.8     16.8     230        5700MALE
     46.2     14.4     214        4650NA
     49.5     16.2     229        5800MALE
     43.5     14.2     220        4700FEMALE
     50.7      15      223        5550MALE
     47.7      15      216        4750FEMALE
     46.4     15.6     221        5000MALE
     48.2     15.6     221        5100MALE
     46.5     14.8     217        5200FEMALE
     46.4      15      216        4700FEMALE
     48.6      16      230        5800MALE
     47.5     14.2     209        4600FEMALE
     51.1     16.3     220        6000MALE
     45.2     13.8     215        4750FEMALE
     45.2     16.4     223        5950MALE
     49.1     14.5     212        4625FEMALE
     52.5     15.6     221        5450MALE
     47.4     14.6     212        4725FEMALE
      50      15.9     224        5350MALE
     44.9     13.8     212        4750FEMALE
     50.8     17.3     228        5600MALE
     43.4     14.4     218        4600FEMALE
     51.3     14.2     218        5300MALE
     47.5      14      212        4875FEMALE
     52.1      17      230        5550MALE
     47.5      15      218        4950FEMALE
     52.2     17.1     228        5400MALE
     45.5     14.5     212        4750FEMALE
     49.5     16.1     224        5650MALE
     44.5     14.7     214        4850FEMALE
     50.8     15.7     226        5200MALE
     49.4     15.8     216        4925MALE
     46.9     14.6     222        4875FEMALE
     48.4     14.4     203        4625FEMALE
     51.1     16.5     225        5250MALE
     48.5      15      219        4850FEMALE
     55.9      17      228        5600MALE
     47.2     15.5     215        4975FEMALE
     49.1      15      228        5500MALE
     47.3     13.8     216        4725NA
     46.8     16.1     215        5500MALE
     41.7     14.7     210        4700FEMALE
     53.4     15.8     219        5500MALE
     43.3      14      208        4575FEMALE
     48.1     15.1     209        5500MALE
     50.5     15.2     216        5000FEMALE
     49.8     15.9     229        5950MALE
     43.5     15.2     213        4650FEMALE
     51.5     16.3     230        5500MALE
     46.2     14.1     217        4375FEMALE
     55.1      16      230        5850MALE
     44.5     15.7     217        4875.
     48.8     16.2     222        6000MALE
     47.2     13.7     214        4925FEMALE
NA       NA       NA         NA       NA
     46.8     14.3     215        4850FEMALE
     50.4     15.7     222        5750MALE
     45.2     14.8     212        5200FEMALE
     49.9     16.1     213        5400MALE
